116
0 2 2 2 0 270 0 -11.5 -0.5 1
1 0.25 0.25 0.25 353 92.00001 350.5 -5.93 -1.65 13.73
1 0.25 0.25 0.25 7.230003 293 5.000001 -6.87 -2.92 -12.64
1 0.25 0.25 0.25 8.799996 289 0 4.02 -2.73 -12.38
1 0.25 0.25 0.25 357.1 107.6 354.6 4.38 -2.44 13.55
1 0.25 0.25 0.25 0.1000035 198.054 358.9 13.28 -2.45 -4.12
1 0.25 0.25 0.25 327 20 72.99999 13.91 -1.45 6
1 0.25 0.25 0.25 58.6 285.3 71.7 13.7 -3 13
1 0.25 0.25 0.25 58.6 285.3 71.7 12.6 -3 -12.2
1 0.25 0.25 0.25 58.6 285.3 71.7 -11.16 -4.5 -8.99
2 0.1 0.1 0.1 0 315 0 -6 0 -4.4
3 0.1 0.1 0.1 0 45 0 4.8 0 4.5
4 0.1 0.1 0.1 0 315 0 -4.3 0 4.5
5 0.5 0.5 0.5 0 300 30.00001 -2 0 -5
5 0.5 0.5 0.5 0 90 0 0.13 0 5
5 0.5 0.5 0.5 0 30.00001 60 -5.2 0 -0.35
5 0.5 0.5 0.5 0 0 10 6.2 0 1.4
5 0.5 0.5 0.5 0 150 45 5.2 0 -2.5
6 0.2 0.2 0.2 0 0 0 4.87 0 -5.04
7 0.02 0.02 0.02 0 205 0 -5 0 0.1
7 0.02 0.02 0.02 0 25 0 6 0 1.8
7 0.02 0.02 0.02 0 120 0 -1.5 0 -4.9
7 0.02 0.02 0.02 0 0 0 -3.5 0 5
7 0.02 0.02 0.02 0 45 0 5 0 -4
7 0.02 0.02 0.02 0 295 0 0.6 0 5
7 0.02 0.02 0.02 0 180 0 -4.5 0 3
7 0.02 0.02 0.02 0 90 0 -5.196 0 -4.758
7 0.02 0.02 0.02 0 15 0 2.8 0 4.8
7 0.02 0.02 0.02 0 74.99999 0 5 0 -2.8
8 0.02 0.02 0.02 80.00002 0 0 1.111 0 -1.056
8 0.025 0.025 0.025 60 0 0 1.073 0 -1.049
8 0.015 0.015 0.015 80.00002 310 9.999999 1.086 0 -1.026
8 0.015 0.015 0.015 0 310 10.00001 1.051 0 -1.074
8 0.025 0.025 0.025 60 0 0 -2.125 0 3.873
8 0.015 0.015 0.015 80.00002 310 9.999999 -2.153 0 3.896
8 0.02 0.02 0.02 80.00002 0 0 -2.096 0 3.842
8 0.02 0.02 0.02 0 20 0 -2.119 0 3.91
8 0.015 0.015 0.015 0 310 10.00001 -2.082 0 3.883
8 0.02 0.02 0.02 60 0 0 0.701 0 -4.602
8 0.015 0.015 0.015 0 310 10.00001 0.69 0 -4.567
8 0.015 0.015 0.015 80.00002 310 9.999999 0.713 0 -4.549
8 0.025 0.015 0.015 8.537737E-07 310 20 0.738 0 -4.579
8 0.025 0.025 0.025 60 0 0 -3.401 0 -2.801
8 0.015 0.015 0.015 45 310 10.00001 -3.394 0 -2.761
8 0.02 0.02 0.02 80.00002 310 9.999999 -3.338 0 -2.796
8 0.015 0.015 0.015 8.537737E-07 310 20 -3.366 0 -2.768
8 0.02 0.02 0.02 80.00002 310 9.999999 -3.44 0 -2.8
8 0.015 0.015 0.015 0 310 10.00001 -3.417 0 -2.835
8 0.025 0.025 0.025 300 0 0 -3.429 0 -2.738
8 0.02 0.02 0.02 80.00002 0 0 4.202 0 0.8140002
8 0.025 0.025 0.025 60 0 0 4.211 0 0.852
8 0.015 0.015 0.015 80.00002 310 9.999999 4.177 0 0.8440002
8 0.02 0.02 0.02 80.00002 0 0 4.171 0 0.877
8 0.015 0.015 0.015 80.00002 310 9.999999 4.24 0 0.874
8 0.02 0.02 0.02 80.00002 0 0 -3.587 0 0.686
8 0.025 0.025 0.025 60 0 0 -3.562 0 0.7009997
8 0.015 0.015 0.015 80.00002 310 9.999999 -3.549 0 0.724
8 0.015 0.015 0.015 80.00002 310 9.999999 -3.525 0 0.696
8 0.02 0.02 0.02 80.00002 0 0 -0.2869999 0 -2.173
8 0.025 0.025 0.025 60 0 0 -0.262 0 -2.158
8 0.015 0.015 0.015 80.00002 310 9.999999 -0.2490001 0 -2.135
8 0.025 0.025 0.025 80.00002 0 0 -0.302 0 -2.145
8 0.015 0.015 0.015 80.00002 310 9.999999 -0.307 0 -2.166
8 0.02 0.02 0.02 80.00002 0 0 1.653 0 3.009
8 0.025 0.025 0.025 60 0 0 1.64 0 3.04
8 0.015 0.015 0.015 80.00002 310 9.999999 1.668 0 3.038
8 0.02 0.02 0.02 80.00002 0 0 1.64 0 3.073
8 0.02 0.02 0.02 80.00002 0 0 2.443 0 -3.251
8 0.025 0.025 0.025 60 0 0 2.429 0 -3.226
8 0.015 0.015 0.015 80.00002 310 9.999999 2.458 0 -3.222
8 0.02 0.02 0.02 80.00002 0 0 -1.288 0 1.218
8 0.025 0.025 0.025 60 0 0 -1.317 0 1.209
8 0.015 0.015 0.015 80.00002 310 9.999999 -1.282 0 1.248
8 0.02 0.02 0.02 80.00002 0 0 -1.315 0 1.243
8 0.025 0.025 0.025 60 0 0 5.813 0 4.004999
8 0.015 0.015 0.015 80.00002 310 9.999999 5.819 0 3.982
8 0.02 0.02 0.02 80.00002 0 0 5.79 0 3.99
8 0.015 0.015 0.015 80.00002 310 9.999999 5.84 0 3.999
8 0.025 0.025 0.025 59.99996 324.7003 6.83018E-06 5.872 0 4.002999
8 0.015 0.015 0.015 79.99995 274.7003 10 5.890187 0 3.987705
8 0.02 0.02 0.02 80.00003 324.7003 -0.0001376673 5.861896 0 3.977469
8 0.015 0.015 0.015 79.99995 274.7003 10 5.84 0 3.975
8 0.025 0.025 0.025 60 0 0 5.813 0 4.004999
8 0.015 0.015 0.015 80.00002 310 9.999999 5.819 0 3.982
8 0.02 0.02 0.02 80.00002 0 0 5.79 0 3.99
8 0.015 0.015 0.015 80.00002 310 9.999999 5.84 0 3.999
8 0.025 0.025 0.025 59.99996 324.7003 6.83018E-06 5.872 0 4.002999
8 0.015 0.015 0.015 79.99995 274.7003 10 5.890187 0 3.987705
8 0.02 0.02 0.02 80.00003 324.7003 -0.0001376673 5.861896 0 3.977469
8 0.015 0.015 0.015 79.99995 274.7003 10 5.84 0 3.975
9 0.1 0.1 0.1 0 0 0 0 0.15 -1
10 0.1 0.1 0.1 0 340 0 2.74 0.07 -4.79
10 0.1 0.1 0.1 0 120 0 -4.46 0.07 3.32
10 0.1 0.1 0.1 0 260 0 3.02 0.07 4.648
11 0.1 0.1 0.1 0 0 0 2.992 0 -5.023
11 0.1 0.1 0.1 0 144 0 -4.8 0 3.374
11 0.1 0.1 0.1 0 280 0 3.29 0 4.848
12 0.7349994 1 1.767958 0 23.76197 0 4.8669 0 -5.0036
12 0.6630049 1 0.4277464 0 45 0 5.2407 0 -2.5017
12 0.4764777 1 0.6559064 0 0 0 6.1543 0 1.3831
12 0.5262165 1 0.3693579 0 0 0 5.3753 0 5.1282
12 0.3669044 1 0.4169955 0 0 0 5.474 0 3.8862
12 0.4842202 1 0.3670309 0 0 0 4.221 0 4.8658
12 0.2874303 1 0.2775756 0 0 0 4.3906 0 3.9387
12 0.4025132 1 0.8523048 0 55 0 3.2005 0 4.779
12 0.6592153 1 0.465205 0 0 0 0.1178 0 5.0415
12 0.2870904 1 0.2757662 0 45 0 -3.855 -0.0065 4.964
12 0.35 1 0.35 0 45 0 -4.824 0 4.047
12 0.8761664 1 0.39256 0 10 0 -4.6894 0 3.3589
12 0.4605002 1 0.6480167 0 20 0 -5.2267 0 -0.3201
12 0.6931775 1 1.456167 0 0 0 -6.4993 0 -4.0471
12 1.080448 1 0.4508653 0 0 0 -5.8195 0 -4.8976
12 0.6478142 1 0.4660112 0 0 0 -2.0316 0 -5.0492
12 0.8761664 1 0.39256 0 45 0 2.911 0 -4.966
12 0.3410288 1 1.134382 0 0 0 0 0 -1.4445
12 1.553818 1 0.5332579 0 0 0 0.001 0 -1.7448
